COD_EMPRESA;COD_ITEM;PRATELEIRA;ESCANINHO_GAVETA;CORREDOR
732;1135670;41;B;
732;1135673;22;E;
732;1135675;22;F;
732;1135677;22;E;
732;1135679;20;C;
732;1135680;20;C;
732;1135682;20;D;
732;1135683;20;D;
732;1135684;80;S;
732;1135685;80;S;
732;1135686;16;F;
732;1135687;14;D;
732;1135688;80;S;
732;1135689;72;A;
732;1135690;11;C;
732;1135691;74;B;
732;1135692;33;C;
732;1135693;74;E;
732;1135695;28;E;
732;1135696;28;F;
732;1135698;58;A;
732;1135699;56;C;
732;1135700;76;A;
732;1135701;57;D;
732;1135702;76;A;
732;1135703;9;D;
732;1135704;61;F;
732;1135705;20;D;
732;1135706;22;G;
732;1135707;30;A;
732;1135708;22;C;
732;1135709;31;F;
732;1135710;41;E;
732;1135711;59;B;
732;1135713;29;A;
732;1135714;23;F;
732;1135715;59;B;
732;1135716;59;A;
732;1135718;22;B;
732;1135720;71;F;
732;1135721;20;A;
732;1135722;12;B;4
732;1135724;5;B;
732;1135725;66;F;
732;1135726;30;B;
732;1135727;59;B;
732;1135728;65;A;
732;1135729;11;A;
732;1135730;31;F;
732;1135731;32;D;
732;1135733;20;E;
732;1135734;69;C;
732;1135735;27;F;
732;1135737;20;A;
732;1135738;27;F;
732;1135739;69;C;
732;1135740;27;F;
732;1135741;20;B;
732;1135743;26;E;
732;1135744;19;A;
732;1135745;29;E;
732;1135746;29;D;
732;1135749;24;B;
732;1135751;24;B;
732;1135754;22;E;
732;1135755;24;B;
732;1135756;30;E;
732;1135757;27;E;
732;1135759;26;A;
732;1135760;20;F;
732;1135761;68;F;
732;1135762;20;F;
732;1135763;73;G;
732;1135764;74;A;
732;1135765;80;S;
732;1135766;13;F;
732;1135768;32;C;
732;1135769;26;D;
732;1135772;26;D;
732;1135784;36;C;
732;1135785;40;B;
732;1135787;40;B;
732;1135789;29;E;
732;1135791;28;F;
732;1135793;28;F;
732;1135804;22;D;
732;1135824;40;A;
732;1135844;40;B;
732;1135865;43;A;
732;1135885;40;B;
732;1135905;68;E;
732;1135906;67;C;
732;1135925;74;C;
732;1135984;75;E;
732;1136004;70;C;
732;1136024;39;E;
732;1136044;39;F;
732;1136064;50;A;
732;1136084;29;B;
732;1136104;41;A;
732;1136124;75;A;
732;1136144;74;A;
732;1136164;75;A;
732;1136185;75;A;
732;1136204;66;B;
732;1136225;11;B;
732;1136245;10;C;
732;1136267;10;L;
732;1136286;34;E;
732;1136345;40;A;
732;1136347;71;B;
732;1136354;40;A;
732;1136367;41;B;
732;1136368;36;D;
732;1136369;36;B;
732;1136370;39;B;
732;1136371;43;C;
732;1136373;42;F;
732;1136384;73;E;
732;1136386;70;E;
732;1136387;44;D;
732;1136388;39;C;
732;1136390;41;C;
732;1136391;74;C;
732;1136392;38;A;
732;1136395;39;F;
732;1136396;39;F;
732;1136399;35;A;
732;1136401;35;A;
732;1136402;46;D;
732;1136403;44;D;
732;1136404;44;C;
732;1136405;34;C;
732;1136407;40;E;
732;1136409;70;D;
732;1136411;40;F;
732;1136412;39;F;
732;1136413;36;D;
732;1136415;43;F;
732;1136416;51;E;
732;1136418;51;F;
732;1136423;42;D;
732;1136424;51;C;
732;1136431;40;D;
732;1136434;50;E;
732;1136438;74;D;
732;1136439;64;F;
732;1136440;64;B;
732;1136441;64;C;
732;1136442;50;E;
732;1136446;80;S;
732;1136447;49;D;
732;1136448;49;E;
732;1136449;49;E;
732;1136452;43;B;
732;1136453;23;C;
732;1136454;23;C;
732;1136455;48;D;
732;1136456;45;D;
732;1136457;45;B;
732;1136482;45;C;
732;1136484;44;E;
732;1136485;11;B;
732;1136486;46;B;
732;1136488;41;A;
732;1136490;65;F;
732;1136491;65;E;
732;1136500;65;D;
732;1136501;13;C;
732;1136502;13;J;
732;1136511;35;F;
732;1136513;39;D;
732;1136514;49;A;
732;1136515;40;F;
732;1136516;49;B;
732;1136517;11;I;
732;1136518;11;G;
732;1136519;64;E;
732;1136521;64;E;
732;1136522;35;D;
732;1136523;34;C;
732;1136524;40;F;
732;1136525;34;E;
732;1136527;76;A;
732;1136528;76;A;
732;1136528;9;A;4
732;1136529;49;B;
732;1136531;76;A;
732;1136546;8;B;
732;1136548;48;B;
732;1136550;48;B;
732;1136551;50;D;
732;1136554;29;B;
732;1136555;61;B;
732;1136556;61;B;
732;1136557;65;E;
732;1136558;49;D;
732;1136559;49;A;
732;1136560;73;F;
732;1136562;48;F;
732;1136563;44;C;
732;1136564;9;I;
732;1136567;41;D;
732;1136568;9;B;
732;1136569;37;E;
732;1136573;38;A;
732;1136575;39;E;
732;1136576;39;B;
732;1136577;35;F;
732;1136578;35;F;
732;1136581;36;F;
732;1136582;37;F;
732;1136585;37;E;
732;1136586;61;A;
732;1136587;29;D;
732;1136590;40;D;
732;1136593;21;A;
732;1136605;40;A;
732;1136607;44;C;
732;1136608;44;D;
732;1136609;10;K;
732;1136610;71;F;
732;1136612;51;A;
732;1136613;43;D;
732;1136618;38;C;
732;1136619;34;B;
732;1136620;40;E;
732;1136621;64;E;
732;1136622;39;D;
732;1136704;48;F;
732;1136705;48;D;
732;1137104;80;S;
732;1137109;80;S;
732;1137114;68;C;
732;1137115;10;I;
732;1137124;66;D;
732;1137127;42;E;
732;1137264;80;S;
732;1142064;37;E;
732;1142065;39;C;
732;1142066;29;C;
732;1144214;68;E;
732;1144268;69;D;
732;1144273;11;C;
732;1144296;9;C;
732;1144356;73;C;
732;1144393;70;C;
732;1144551;70;C;
732;1144553;75;F;
732;1144555;71;D;
732;1144562;75;G;
732;1144563;75;G;
732;1144566;68;F;
732;1144567;68;F;
732;1144569;80;S;
732;1144571;80;S;
732;1144573;75;G;
732;1144577;80;S;
732;1144578;74;G;
732;1144586;71;E;
732;1144587;80;S;
732;1144588;80;S;
732;1144589;80;S;
732;1144598;70;C;
732;1144659;69;D;
732;1144668;69;E;
732;1144669;69;E;
732;1144702;66;D;
732;1144753;70;E;
732;1144822;70;E;
732;1144966;75;F;
732;1144968;70;D;
732;1144969;70;D;
732;1144970;66;D;
732;1144976;66;C;
732;1145006;66;E;
732;1145099;72;C;
732;1145107;30;F;
732;1145109;48;C;
732;1145200;73;B;
732;1145271;31;C;
732;1145368;76;A;
732;1145418;72;G;
732;1145469;75;F;
732;1145493;75;E;
732;1145529;74;E;
732;1145530;11;C;
732;1145615;30;F;
732;1145624;70;D;
732;1145636;73;B;
732;1145637;11;C;
732;1145686;73;D;
732;1145831;9;L;
732;1145846;68;E;
732;1145847;69;E;
732;1145850;66;D;
732;1145851;80;S;
732;1145854;80;S;
732;1145858;9;0;1
732;1145863;71;C;
732;1145865;72;D;
732;1145866;70;E;
732;1145868;80;S;
732;1146228;23;E;
732;1146229;23;E;
732;1146230;23;E;
732;1146231;23;E;
732;1146234;23;E;
732;1146239;23;E;
732;1146240;23;E;
732;1146241;23;E;
732;1146242;23;E;
732;1146243;23;D;
732;1146244;23;D;
732;1146247;23;D;
732;1146248;23;D;
732;1146249;23;D;
732;1146250;23;D;
732;1146253;23;D;
732;1146259;23;D;
732;1146261;23;D;
732;1146264;22;C;
732;1146265;21;C;
732;1146268;23;D;
732;1146275;23;D;
732;1146276;23;C;
732;1146277;23;C;
732;1146285;14;F;
732;1146286;23;B;
732;1146287;23;B;
732;1146295;14;F;
732;1146297;14;F;
732;1146298;14;F;
732;1146300;14;F;
732;1146301;23;B;
732;1146316;14;E;
732;1146327;14;E;
732;1146330;14;D;
732;1146331;23;B;
732;1146340;14;B;
732;1146341;14;C;
732;1146343;14;B;
732;1146347;23;B;
732;1146348;23;B;
732;1146349;14;B;
732;1146350;14;B;
732;1146351;14;B;
732;1146353;14;B;
732;1146354;14;B;
732;1146355;14;B;
732;1146356;14;B;
732;1146357;14;A;
732;1146358;14;A;
732;1146359;14;A;
732;1146361;14;A;
732;1146363;14;A;
732;1146369;14;A;
732;1146374;14;A;
732;1146382;14;A;
732;1146385;15;F;
732;1146386;15;F;
732;1146396;15;F;
732;1146399;23;A;
732;1146403;15;E;
732;1146404;15;E;
732;1146405;15;D;
732;1146406;15;D;
732;1146409;15;B;
732;1146410;15;B;
732;1146414;16;E;
732;1146415;16;D;
732;1146416;16;C;
732;1146419;16;B;
732;1146420;23;A;
732;1146421;17;F;
732;1146422;16;A;
732;1146423;16;A;
732;1146424;16;A;
732;1146426;17;E;
732;1146427;17;E;
732;1146428;17;E;
732;1146430;17;E;
732;1146432;17;E;
732;1146435;17;D;
732;1146436;17;C;
732;1146438;17;A;
732;1146439;17;G;
732;1146440;18;E;
732;1146442;18;C;
732;1146445;116;B;1
732;1146445;18;B;
732;1146446;23;A;
732;1146447;23;A;
732;1146448;23;A;
732;1146449;23;A;
732;1146451;23;A;
732;1146452;23;A;
732;1146456;18;B;
732;1146457;18;B;
732;1146459;18;B;
732;1146465;18;B;
732;1146466;18;A;
732;1146468;18;A;
732;1146470;18;B;
732;1146471;18;A;
732;1146473;18;A;
732;1146481;19;F;
732;1146483;19;F;
732;1146484;19;F;
732;1146485;19;E;
732;1146487;19;E;
732;1146489;19;E;
732;1146490;80;S;
732;1146491;80;S;
732;1146492;80;S;
732;1146493;80;S;
732;1146494;19;E;
732;1146500;19;E;
732;1146501;23;A;
732;1146504;23;A;
732;1146505;23;A;
732;1146506;23;A;
732;1146507;23;A;
732;1146510;80;S;
732;1146513;19;E;
732;1146518;19;D;
732;1146519;80;S;
732;1146520;19;D;
732;1146523;19;D;
732;1146526;20;E;
732;1146530;19;D;
732;1146532;19;D;
732;1146534;19;C;
732;1146537;19;C;
732;1146540;19;C;
732;1146541;19;B;
732;1146543;19;B;
732;1146544;19;A;
732;1146545;19;A;
732;1146546;19;A;
732;1146552;20;E;
732;1146553;20;E;
732;1146555;20;E;
732;1146557;20;D;
732;1146558;20;D;
732;1146559;21;F;
732;1146560;21;E;
732;1146568;20;C;
732;1146571;20;C;
732;1146572;20;C;
732;1146574;20;C;
732;1146575;20;B;
732;1146577;20;B;
732;1146581;20;B;
732;1146583;21;D;
732;1146588;29;D;
732;1146589;22;E;
732;1146590;22;F;
732;1146593;22;D;
732;1146594;22;D;
732;1146595;22;D;
732;1146596;22;B;
732;1146597;22;B;
732;1146598;22;B;
732;1146599;23;E;
732;1146600;23;E;
732;1146754;11;C;
732;1146845;74;D;
732;1146956;73;C;
732;1146970;72;G;
732;1146975;66;B;
732;1146976;66;B;
732;1146978;68;D;
732;1146985;67;A;
732;1147084;69;D;
732;1147085;69;D;
732;1147220;68;B;
732;1147224;72;E;
732;1147231;74;B;
732;1147235;32;A;
732;1147237;72;G;
732;1147440;72;F;
732;1147498;30;A;
732;1147576;73;C;
732;1147602;72;C;
732;1147605;72;E;
732;1147619;29;E;
732;1147638;70;B;
732;1147650;71;C;
732;1147704;12;B1;3
732;1147745;67;C;
732;1147755;11;B;
732;1147759;13;L;
732;1147810;74;E;
732;1147822;66;A;
732;1147876;67;D;
732;1147881;9;L;
732;1147931;69;E;
732;1148021;75;E;
732;1148024;72;G;
732;1148045;73;F;
732;1148058;67;D;
732;1148066;72;B;
732;1148070;72;C;
732;1148092;62;A;
732;1148097;75;D;
732;1148098;12;D;1
732;1148115;69;F;
732;1148119;67;E;
732;1148120;71;B;
732;1148124;74;C;
732;1148126;7;D;
732;1148150;67;A;
732;1148157;75;C;
732;1148180;31;C;
732;1148227;31;B;
732;1148228;33;B;
732;1148244;69;F;
732;1148246;67;C;
732;1148259;73;C;
732;1148317;7;D;
732;1148341;66;B;
732;1148366;74;B;
732;1148510;73;B;
732;1148566;13;L;
732;1148610;75;D;
732;1148652;68;D;
732;1148704;69;A;
732;1148730;11;C;
732;1148769;73;A;
732;1148780;80;S;
732;1148782;80;S;
732;1148802;80;S;
732;1148804;80;S;
732;1148806;74;G;
732;1148807;74;G;
732;1148808;74;G;
732;1148816;74;G;
732;1148828;74;G;
732;1148829;69;E;
732;1148833;69;D;
732;1148841;80;S;
732;1148844;80;S;
732;1148847;70;F;
732;1148852;74;D;
732;1148854;74;D;
732;1148869;66;A;
732;1148873;66;A;
732;1148985;66;C;
732;1148989;69;C;
732;1148999;66;F;
732;1149000;71;E;
732;1149002;70;D;
732;1149014;71;F;
732;1149015;68;D;
732;1149016;60;G;
732;1149132;69;D;
732;1149135;69;D;
732;1149425;74;A;
732;1149449;69;F;
732;1149537;70;E;
732;1149538;73;D;
732;1149576;74;F;
732;1149581;36;C;
732;1149597;73;F;
732;1149599;74;F;
732;1149601;48;C;
732;1149618;73;F;
732;1149651;72;G;
732;1149659;70;A;
732;1149676;66;D;
732;1149718;73;D;
732;1149722;75;F;
732;1149741;30;E;
732;1149769;62;A;
732;1149772;62;A;
732;1149831;62;A;
732;1149834;62;A;
732;1149974;71;C;
732;1149975;71;C;
732;1149976;71;C;
732;1149977;71;C;
732;1149978;71;C;
732;1149990;73;E;
732;1149991;72;G;
732;1150120;13;L;
732;1150129;70;C;
732;1150130;69;C;
732;1150133;72;A;
732;1150277;69;F;
732;1150452;66;E;
732;1150454;70;D;
732;1150470;73;C;
732;1150484;73;F;
732;1150493;72;F;
732;1150499;69;C;
732;1150536;69;D;
732;1150546;69;D;
732;1150559;32;B;
732;1150660;67;C;
732;1150667;72;G;
732;1150679;70;F;
732;1150681;72;B;
732;1150682;73;A;
732;1150692;75;D;
732;1150697;30;E;
732;1150784;11;B;
732;1150826;76;A;
732;1150827;76;A;
732;1150829;76;A;
732;1150881;71;B;
732;1150927;68;A;
732;1150976;70;D;
732;1150977;70;D;
732;1151145;70;E;
732;1151362;72;G;
732;1151519;74;E;
732;1151532;30;E;
732;1151544;69;E;
732;1151546;73;F;
732;1151612;69;D;
732;1151642;67;C;
732;1151713;67;A;
732;1151739;62;A;
732;1151777;62;A;
732;1151778;62;A;
732;1151832;69;E;
732;1151834;74;E;
732;1151953;74;C;
732;1151992;67;C;
732;1151994;67;C;
732;1151996;70;E;
732;1152008;75;C;
732;1152167;67;E;
732;1152191;70;C;
732;1152199;11;B;
732;1152219;69;A;
732;1152227;70;E;
732;1152228;57;G;
732;1152732;71;A;
732;1152825;69;E;
732;1152831;68;D;
732;1152832;73;G;
732;1152893;76;A;
732;1152979;11;B;
732;1153182;31;F;
732;1153190;10;L;
732;1153233;67;B;
732;1153384;73;G;
732;1153507;69;D;
732;1153645;70;D;
732;1153805;65;B;
732;1153811;9;L;
732;1153815;5;C;
732;1154093;70;D;
732;1154095;31;F;
732;1154194;58;F;
732;1154255;69;E;
732;1154393;74;F;
732;1154454;75;A;
732;1154603;74;B;
732;1154604;74;A;
732;1154615;74;B;
732;1154630;67;E;
732;1154634;73;A;
732;1154674;68;D;
732;1154694;72;G;
732;1154696;74;D;
732;1154710;70;D;
732;1154713;72;D;
732;1154724;69;D;
732;1154727;69;D;
732;1154793;75;F;
732;1154978;66;D;
732;1155031;56;C;
732;1155039;13;A;1
732;1155109;66;A;
732;1155680;7;D;
732;1155682;67;A;
732;1155683;13;L;
732;1155692;11;A;
732;1155733;72;D;
732;1155744;70;F;
732;1155750;66;D;
732;1155903;71;E;
732;1155966;13;K;
732;1155970;13;K;
732;1156080;72;G;
732;1156099;73;A;
732;1156104;11;A;
732;1156109;67;A;
732;1156115;70;E;
732;1156120;74;F;
732;1156134;7;D;
732;1156136;73;A;
732;1156295;73;G;
732;1156318;72;G;
732;1156492;66;D;
732;1156552;68;D;
732;1156566;32;D;
732;1156660;70;B;
732;1156836;11;A;
732;1156917;13;K;
732;1156957;66;E;
732;1156994;68;B;
732;1157006;74;F;
732;1157007;74;A;
732;1157016;76;A;
732;1157025;68;C;
732;1157027;66;E;
732;1157028;68;C;
732;1157030;72;B;
732;1157031;74;F;
732;1157034;75;B;
732;1157037;71;E;
732;1157043;74;C;
732;1157142;71;C;
732;1157191;70;D;
732;1157211;74;E;
732;1157274;70;F;
732;1157369;34;C;
732;1157381;70;C;
732;1157406;68;D;
732;1157413;68;C;
732;1157450;73;G;
732;1157452;73;G;
732;1157536;75;E;
732;1157571;66;D;
732;1157643;68;E;
732;1157666;71;E;
732;1157690;74;C;
732;1157715;69;A;
732;1157729;30;D;
732;1157760;68;D;
732;1157823;2;J2;2
732;1157844;68;D;
732;1157856;71;E;
732;1157859;71;E;
732;1157887;69;D;
732;1157888;69;D;
732;1157931;67;C;
732;1157944;13;K;
732;1157965;70;D;
732;1158014;71;C;
732;1158021;69;E;
732;1158071;68;D;
732;1158072;31;B;
732;1158083;67;E;
732;1158146;66;E;
732;1158149;73;A;
732;1158152;73;G;
732;1158153;72;G;
732;1158163;72;E;
732;1158188;66;E;
732;1158226;48;F;
732;1158232;67;E;
732;1158233;75;A;
732;1158263;70;C;
732;1158290;71;E;
732;1158299;72;B;
732;1158320;69;F;
732;1158323;67;D;
732;1158332;69;A;
732;1158343;68;A;
732;1158357;58;F;
732;1158365;75;B;
732;1158367;75;D;
732;1158400;67;E;
732;1158409;76;A;
732;1158411;69;B;
732;1158445;27;E;
732;1158446;27;E;
732;1158449;27;E;
732;1158455;27;D;
732;1158457;27;D;
732;1158460;27;D;
732;1158461;24;F;
732;1158462;24;F;
732;1158463;24;E;
732;1158469;5;E;5
732;1158470;24;E;
732;1158472;7;E;3
732;1158474;24;E;
732;1158478;24;E;
732;1158481;24;E;
732;1158485;27;C;
732;1158488;27;C;
732;1158489;27;C;
732;1158491;24;D;
732;1158492;24;D;
732;1158493;24;D;
732;1158494;24;C;
732;1158495;24;C;
732;1158496;24;C;
732;1158497;24;C;
732;1158501;27;C;
732;1158502;24;A;
732;1158503;25;F;
732;1158504;24;A;
732;1158506;25;E;
732;1158507;25;D;
732;1158508;25;E;
732;1158513;27;C;
732;1158519;25;C;
732;1158520;27;C;
732;1158521;27;B;
732;1158522;25;C;
732;1158527;25;B;
732;1158531;25;B;
732;1158535;25;C;
732;1158537;25;B;
732;1158538;25;B;
732;1158541;25;B;
732;1158543;25;B;
732;1158550;25;A;
732;1158551;25;A;
732;1158565;26;F;
732;1158572;26;F;
732;1158573;26;F;
732;1158574;26;E;
732;1158575;26;E;
732;1158577;26;D;
732;1158578;26;C;
732;1158579;26;D;
732;1158586;26;C;
732;1158587;27;C;
732;1158589;27;C;
732;1158600;26;C;
732;1158601;26;B;
732;1158602;26;B;
732;1158604;12;E;1
732;1158604;26;B;
732;1158605;26;A;
732;1158607;26;A;
732;1158608;26;A;
732;1158609;26;A;
732;1158635;73;G;
732;1158639;72;G;
732;1158640;73;G;
732;1158702;73;G;
732;1158841;69;E;
732;1158913;68;C;
732;1159263;75;F;
732;1159445;31;B;
732;1159449;61;E;
732;1159488;72;G;
732;1159518;69;E;
732;1159534;72;G;
732;1159536;73;G;
732;1159548;11;A;
732;1159568;73;G;
732;1159852;71;F;
732;1159854;66;A;
732;1159855;13;K;
732;1159900;71;B;
732;1159901;71;B;
732;1159929;75;C;
732;1159975;10;L;
732;1160013;70;F;
732;1160014;67;B;
732;1160040;75;A;
732;1160472;69;A;
732;1160700;75;D;
732;1160736;65;A;
732;1160800;75;E;
732;1160880;68;B;
732;1160950;69;C;
732;1160965;48;C;
732;1160970;67;E;
732;1161014;65;F;
732;1161017;68;C;
732;1161018;68;C;
732;1161019;66;C;
732;1161052;66;A;
732;1161053;13;K;
732;1161071;12;J;
732;1161085;34;E;
732;1161087;34;E;
732;1161115;30;D;
732;1161180;80;S;
732;1161186;72;A;
732;1161992;32;F;
732;1162019;30;C;
732;1162084;72;G;
732;1162295;75;C;
732;1162298;72;B;
732;1162311;69;A;
732;1162337;72;C;
732;1162397;30;D;
732;1162454;67;B;
732;1162477;70;C;
732;1162493;61;E;
732;1162494;56;G;
732;1162531;75;C;
732;1162537;72;E;
732;1162556;10;L;
732;1162622;29;B;
732;1162686;30;C;
732;1162693;73;G;
732;1162855;75;E;
732;1162864;75;C;
732;1162896;71;D;
732;1163262;71;E;
732;1163338;72;G;
732;1163339;73;G;
732;1163483;61;B;
732;1163510;61;B;
732;1163514;60;E;
732;1163537;61;A;
732;1163539;61;A;
732;1163547;61;A;
732;1163553;61;A;
732;1163554;61;A;
732;1163575;60;D;
732;1163611;60;D;
732;1163612;60;D;
732;1163613;60;D;
732;1163615;60;C;
732;1163616;60;C;
732;1163617;60;C;
732;1163625;60;A;
732;1163628;60;A;
732;1163629;60;B;
732;1163630;60;B;
732;1163631;60;B;
732;1163632;60;F;
732;1163649;60;C;
732;1163650;60;C;
732;1163651;60;C;
732;1163668;60;D;
732;1163669;60;D;
732;1163670;60;D;
732;1163681;61;D;
732;1163705;61;D;
732;1163726;61;D;
732;1163746;61;D;
732;1163778;60;F;
732;1163913;61;D;
732;1163916;32;E;
732;1163918;76;A;
732;1163923;61;B;
732;1163927;61;C;
732;1163929;61;C;
732;1163936;61;C;
732;1164009;60;F;
732;1164017;61;C;
732;1164018;76;A;
732;1164023;60;E;
732;1164027;61;C;
732;1164258;72;A;
732;1164306;9;L;
732;1164315;70;E;
732;1164547;69;D;
732;1164564;73;B;
732;1164576;70;D;
732;1164660;69;D;
732;1165041;70;C;
732;1165112;29;B;
732;1165124;73;C;
732;1165136;74;D;
732;1165137;69;C;
732;1165138;66;A;
732;1165189;68;E;
732;1165195;66;A;
732;1165214;7;D;
732;1165221;70;D;
732;1165225;70;D;
732;1165306;68;D;
732;1165320;10;K;
732;1165335;66;D;
732;1165361;75;C;
732;1165366;75;B;
732;1165404;66;E;
732;1165421;73;D;
732;1165424;74;F;
732;1165425;73;B;
732;1165502;70;E;
732;1165515;72;F;
732;1165543;9;C;
732;1165605;68;E;
732;1165649;68;E;
732;1165711;72;G;
732;1165739;70;E;
732;1165756;75;E;
732;1165769;69;E;
732;1165772;71;F;
732;1165779;71;D;
732;1165782;66;E;
732;1165785;72;C;
732;1165794;67;B;
732;1165944;74;B;
732;1166037;13;A;1
732;1166152;68;B;
732;1166307;68;E;
732;1166308;68;E;
732;1166310;32;C;
732;1166347;73;B;
732;1166400;70;D;
732;1166402;68;A;
732;1166403;68;D;
732;1166413;31;E;
732;1166472;13;K;
732;1166614;66;D;
732;1166619;69;A;
732;1166631;80;S;
732;1166650;70;E;
732;1166749;71;F;
732;1166760;71;E;
732;1166796;74;B;
732;1166829;80;S;
732;1166834;69;A;
732;1166942;71;D;
732;1167674;31;E;
732;1167676;31;E;
732;1167783;66;E;
732;1167791;72;B;
732;1167792;10;L;
732;1167794;72;C;
732;1167796;72;D;
732;1167797;69;D;
732;1167803;72;E;
732;1167805;31;E;
732;1167884;42;F;
732;1167891;42;F;
732;1167896;42;F;
732;1167899;42;E;
732;1167908;42;E;
732;1167940;34;F;
732;1167943;34;F;
732;1167944;43;D;
732;1167946;34;F;
732;1167950;34;F;
732;1167951;43;D;
732;1167957;34;F;
732;1167959;34;F;
732;1167965;34;F;
732;1167966;34;F;
732;1167968;34;E;
732;1167969;34;E;
732;1167970;34;E;
732;1167971;34;E;
732;1167984;34;E;
732;1167988;34;E;
732;1167990;34;E;
732;1167991;34;E;
732;1167993;43;D;
732;1167995;34;E;
732;1167997;34;E;
732;1168000;43;D;
732;1168002;34;D;
732;1168004;34;D;
732;1168006;43;C;
732;1168008;43;B;
732;1168009;34;D;
732;1168016;30;C;
732;1168018;34;D;
732;1168037;34;C;
732;1168052;34;C;
732;1168054;34;C;
732;1168057;34;B;
732;1168058;43;D;
732;1168059;43;D;
732;1168062;34;B;
732;1168063;34;B;
732;1168065;34;B;
732;1168066;34;B;
732;1168074;34;B;
732;1168077;34;A;
732;1168078;34;A;
732;1168080;34;A;
732;1168082;34;A;
732;1168086;35;F;
732;1168088;35;F;
732;1168089;35;F;
732;1168090;35;F;
732;1168091;35;F;
732;1168092;35;F;
732;1168093;35;F;
732;1168094;35;F;
732;1168109;35;E;
732;1168110;35;E;
732;1168112;35;E;
732;1168113;35;E;
732;1168114;35;E;
732;1168115;35;E;
732;1168116;35;E;
732;1168117;35;E;
732;1168123;35;E;
732;1168124;35;D;
732;1168125;35;D;
732;1168129;35;D;
732;1168131;35;D;
732;1168141;35;C;
732;1168142;35;C;
732;1168143;35;B;
732;1168147;35;B;
732;1168150;35;C;
732;1168157;43;E;
732;1168158;43;E;
732;1168161;43;E;
732;1168168;36;F;
732;1168170;36;F;
732;1168192;36;E;
732;1168194;36;E;
732;1168196;36;E;
732;1168205;36;E;
732;1168277;36;D;
732;1168314;43;D;
732;1168315;36;D;
732;1168316;36;D;
732;1168339;37;F;
732;1168350;37;E;
732;1168355;37;E;
732;1168356;37;E;
732;1168357;37;D;
732;1168397;37;D;
732;1168398;37;D;
732;1168399;37;D;
732;1168402;37;D;
732;1168403;43;E;
732;1168471;37;D;
732;1168473;38;F;
732;1168474;43;D;
732;1168475;43;D;
732;1168484;37;C;
732;1168487;37;C;
732;1168492;37;C;
732;1168493;37;C;
732;1168495;37;C;
732;1168496;37;C;
732;1168499;37;B;
732;1168502;37;B;
732;1168505;37;B;
732;1168507;37;B;
732;1168508;37;B;
732;1168510;37;B;
732;1168511;37;B;
732;1168514;37;A;
732;1168520;38;F;
732;1168525;38;F;
732;1168526;38;F;
732;1168528;38;F;
732;1168529;38;F;
732;1168541;38;E;
732;1168542;38;E;
732;1168543;38;E;
732;1168544;38;E;
732;1168545;38;E;
732;1168546;38;E;
732;1168548;38;E;
732;1168549;38;E;
732;1168550;38;E;
732;1168551;38;D;
732;1168552;38;D;
732;1168555;38;D;
732;1168556;38;D;
732;1168564;38;D;
732;1168567;38;D;
732;1168568;38;C;
732;1168569;38;D;
732;1168571;38;C;
732;1168572;38;C;
732;1168573;38;C;
732;1168575;38;C;
732;1168576;38;C;
732;1168579;38;C;
732;1168580;38;B;
732;1168589;38;B;
732;1168592;38;B;
732;1168593;38;B;
732;1168602;38;B;
732;1168604;38;B;
732;1168605;38;B;
732;1168607;38;B;
732;1168608;38;B;
732;1168609;38;A;
732;1168630;39;E;
732;1168632;39;E;
732;1168639;39;C;
732;1168642;39;B;
732;1168644;39;A;
732;1168645;39;B;
732;1168646;39;B;
732;1168648;39;A;
732;1168649;39;B;
732;1168651;39;A;
732;1168653;39;A;
732;1168655;39;A;
732;1168660;34;A;
732;1168666;39;A;
732;1168673;40;F;
732;1168676;40;F;
732;1168679;40;F;
732;1168691;40;F;
732;1168693;40;F;
732;1168695;40;F;
732;1168696;40;F;
732;1168697;40;F;
732;1168698;40;E;
732;1168700;40;E;
732;1168701;40;E;
732;1168704;40;E;
732;1168705;40;E;
732;1168709;40;C;
732;1168712;40;C;
732;1168718;40;C;
732;1168719;40;A;
732;1168728;40;A;
732;1168731;40;A;
732;1168736;41;F;
732;1168739;41;F;
732;1168740;41;F;
732;1168743;41;E;
732;1168744;41;E;
732;1168747;41;E;
732;1168748;41;D;
732;1168749;41;D;
732;1168751;41;D;
732;1168753;41;D;
732;1168756;41;B;
732;1168759;41;B;
732;1168762;41;B;
732;1168778;41;A;
732;1168779;41;A;
732;1168781;41;A;
732;1168782;43;D;
732;1168783;43;D;
732;1168786;42;E;
732;1168787;42;E;
732;1168791;42;E;
732;1168799;34;F;
732;1168805;42;F;
732;1168808;75;F;
732;1168811;67;E;
732;1168834;71;D;
732;1169247;31;D;
732;1169259;65;E;
732;1169659;13;A;1
732;1169659;56;E;
732;1169784;67;E;
732;1169790;73;D;
732;1169940;29;A;
732;1169946;72;B;
732;1169978;75;F;
732;1170290;66;A;
732;1170292;13;J;
732;1170297;67;B;
732;1170299;69;B;
732;1170305;73;B;
732;1170308;67;C;
732;1170309;69;A;
732;1170318;72;G;
732;1170320;72;A;
732;1170344;68;A;
732;1170364;80;S;
732;1170365;67;D;
732;1170368;73;G;
732;1170370;73;G;
732;1170376;80;S;
732;1170381;69;B;
732;1170403;80;S;
732;1170410;71;D;
732;1170428;73;C;
732;1170455;70;F;
732;1170463;71;D;
732;1170474;67;C;
732;1170476;75;G;
732;1170477;75;G;
732;1170478;75;G;
732;1170489;80;S;
732;1170491;75;G;
732;1170502;75;G;
732;1170520;70;D;
732;1170524;67;C;
732;1170525;69;E;
732;1170537;69;D;
732;1170622;73;E;
732;1170626;10;L;
732;1170641;73;G;
732;1170642;68;F;
732;1170643;69;G;
732;1170644;73;G;
732;1170651;75;F;
732;1170652;66;F;
732;1170661;67;B;
732;1170673;70;C;
732;1170696;75;C;
732;1170698;70;E;
732;1170709;66;C;
732;1170720;72;D;
732;1170725;30;B;
732;1170751;69;A;
732;1171151;75;F;
732;1171731;67;C;
732;1171766;75;F;
732;1172000;67;B;
732;1172006;50;A;
732;1172015;30;A;
732;1172020;50;A;
732;1172023;50;A;
732;1172026;51;A;
732;1172030;44;F;
732;1172042;48;C;
732;1172044;44;F;
732;1172046;44;F;
732;1172050;44;F;
732;1172051;44;F;
732;1172052;44;F;
732;1172054;44;F;
732;1172057;44;E;
732;1172060;44;E;
732;1172067;44;E;
732;1172069;44;E;
732;1172071;44;D;
732;1172073;44;C;
732;1172074;44;C;
732;1172075;44;C;
732;1172084;44;C;
732;1172085;44;C;
732;1172093;44;B;
732;1172094;44;B;
732;1172095;44;A;
732;1172096;44;A;
732;1172097;45;F;
732;1172098;45;F;
732;1172099;45;E;
732;1172100;45;E;
732;1172102;45;A;
732;1172103;46;F;
732;1172105;46;C;
732;1172106;46;C;
732;1172108;46;E;
732;1172109;46;E;
732;1172110;46;D;
732;1172113;46;A;
732;1172114;47;F;
732;1172115;47;E;
732;1172116;47;D;
732;1172118;47;C;
732;1172120;47;B;
732;1172121;47;A;
732;1172122;47;D;
732;1172123;51;B;
732;1172137;51;B;
732;1172146;51;B;
732;1172152;51;B;
732;1172153;51;B;
732;1172157;46;B;
732;1172159;48;F;
732;1172161;48;F;
732;1172162;48;F;
732;1172164;48;F;
732;1172168;48;E;
732;1172170;48;E;
732;1172172;48;E;
732;1172175;48;D;
732;1172213;51;B;
732;1172219;51;B;
732;1172220;51;B;
732;1172235;51;B;
732;1172259;51;B;
732;1172265;51;B;
732;1172266;48;D;
732;1172269;48;C;
732;1172276;48;B;
732;1172278;48;B;
732;1172280;48;B;
732;1172284;48;B;
732;1172286;48;A;
732;1172287;48;A;
732;1172288;48;A;
732;1172293;48;A;
732;1172294;48;A;
732;1172296;48;A;
732;1172298;49;F;
732;1172300;49;F;
732;1172302;49;E;
732;1172305;49;C;
732;1172308;49;C;
732;1172310;49;C;
732;1172311;49;C;
732;1172329;51;B;
732;1172341;51;B;
732;1172346;51;B;
732;1172355;49;A;
732;1172357;49;A;
732;1172361;50;F;
732;1172363;50;F;
732;1172364;50;F;
732;1172365;50;E;
732;1172367;50;E;
732;1172368;50;E;
732;1172370;50;E;
732;1172377;50;E;
732;1172378;50;C;
732;1172380;50;C;
732;1172382;50;B;
732;1172383;50;A;
732;1172384;50;A;
732;1172395;51;D;
732;1172397;51;B;
732;1172398;51;B;
732;1172399;51;B;
732;1172405;80;S;
732;1172407;51;D;
732;1172408;51;D;
732;1172409;51;D;
732;1172412;51;D;
732;1172416;34;E;
732;1172417;69;E;
732;1172424;69;A;
732;1172425;71;F;
732;1172508;74;G;
732;1172634;73;E;
732;1172843;70;E;
732;1172859;70;D;
732;1172914;70;E;
732;1173012;69;A;
732;1173321;75;F;
732;1173323;66;E;
732;1173330;59;B;
732;1173331;59;B;
732;1173335;59;B;
732;1173336;59;A;
732;1173390;72;D;
732;1173413;72;A;
732;1173425;75;B;
732;1173433;59;A;
732;1173472;59;F;
732;1173506;59;E;
732;1173511;59;D;
732;1173520;59;C;
732;1173521;59;C;
732;1173576;59;C;
732;1173636;59;A;
732;1173652;67;E;
732;1173654;71;E;
732;1173657;67;D;
732;1173658;67;D;
732;1173659;67;D;
732;1173661;70;D;
732;1173663;68;D;
732;1173666;71;C;
732;1173671;67;D;
732;1173672;67;D;
732;1173675;68;C;
732;1173676;67;D;
732;1173677;67;D;
732;1173679;73;D;
732;1173680;37;F;
732;1173681;67;D;
732;1173732;29;A;
732;1173760;67;A;
732;1173768;68;E;
732;1173926;10;K;
732;1174010;69;B;
732;1174492;69;D;
732;1174871;13;J;
732;1174873;67;E;
732;1174875;70;B;
732;1174877;9;C;
732;1174879;68;C;
732;1174881;73;E;
732;1174902;75;F;
732;1174919;75;B;
732;1174920;69;D;
732;1174940;66;E;
732;1174958;71;D;
732;1175118;70;A;
732;1177128;73;E;
732;1189586;13;J;
732;1189608;13;J;
732;1189760;13;J;
732;1189761;13;J;
732;1189762;13;I;
732;1189830;13;I;
732;1189832;13;I;
732;1189833;13;I;
732;1189873;13;H;
732;1190128;13;H;
732;1190146;13;H;
732;1190152;13;G;
732;1190164;13;G;
732;1190236;13;H;
732;1190237;13;G;
732;1190251;13;G;
732;1190252;13;G;
732;1190262;13;G;
732;1190264;13;F;
732;1190308;13;F;
732;1190311;13;F;
732;1190346;13;F;
732;1190526;13;F;
732;1190613;13;F;
732;1190636;13;F;
732;1190667;13;E;
732;1190739;13;D;
732;1190778;13;D;
732;1190792;13;D;
732;1190797;13;D;
732;1190907;13;D;
732;1190959;13;D;
732;1191255;13;D;
732;1191293;13;C;
732;1191325;13;C;
732;1191351;13;C;
732;1191356;13;B;
732;1191371;13;B;
732;1191394;13;C;
732;1191395;13;C;
732;1191447;13;B;
732;1191502;13;B;
732;1191527;13;B;
732;1191536;13;B;
732;1191539;13;A;
732;1191650;13;A;
732;1191722;11;L;
732;1191728;11;L;
732;1191766;11;L;
732;1191823;11;L;
732;1191890;11;K;
732;1191893;11;K;
732;1191896;11;K;
732;1191906;11;K;
732;1191927;11;L;
732;1191934;11;J;
732;1191948;11;J;
732;1191955;11;J;
732;1191984;11;J;
732;1191994;11;J;
732;1192000;11;I;
732;1192010;11;I;
732;1192039;11;J;
732;1192133;11;I;
732;1192164;11;H;
732;1192200;11;H;
732;1192258;11;H;
732;1192305;11;H;
732;1192314;11;H;
732;1192319;11;H;
732;1192360;7;C;
732;1192383;7;C;
732;1192404;7;C;
732;1192456;7;C;
732;1192493;7;C;
732;1192497;7;B;
732;1192564;7;B;
732;1192574;7;B;
732;1192578;7;B;
732;1192714;7;B;
732;1192733;7;B;
732;1192734;7;A;
732;1192810;7;A;
732;1192818;7;A;
732;1192932;7;A;
732;1192934;7;A;
732;1192942;7;A;
732;1192948;7;A;
732;1193072;6;F;
732;1193092;6;F;
732;1193123;6;F;
732;1193145;6;F;
732;1193201;6;F;
732;1193202;6;E;
732;1193226;6;E;
732;1193227;6;E;
732;1193243;6;E;
732;1193267;6;E;
732;1193270;6;E;
732;1193286;6;E;
732;1193287;6;E;
732;1193302;6;D;
732;1193334;6;D;
732;1193342;6;D;
732;1193346;6;D;
732;1193472;6;D;
732;1193503;6;C;
732;1193504;6;C;
732;1193511;6;D;
732;1193547;6;D;
732;1193561;6;C;
732;1193569;6;C;
732;1193594;63;B;
732;1193601;63;A;
732;1193655;63;B;
732;1193692;63;B;
732;1193787;65;B;
732;1193792;5;B;
732;1193804;5;B;
732;1193809;5;B;
732;1193815;5;B;
732;1193839;5;B;
732;1193847;5;B;
732;1193854;5;B;
732;1193858;5;B;
732;1193961;63;E;
732;1193962;63;E;
732;1193971;13;A;
732;1193972;13;A;
732;1193974;12;L;
732;1193976;12;L;
732;1193996;12;L;
732;1193998;12;L;
732;1194025;12;K;
732;1194031;12;L;
732;1194051;9;B;
732;1194061;9;B;
732;1194128;9;B;
732;1194129;9;B;
732;1194130;9;A;
732;1194131;9;A;
732;1194133;9;A;
732;1194139;9;A;
732;1194140;9;A;
732;1194200;9;A;
732;1194225;8;F;
732;1194273;8;F;
732;1194302;8;F;
732;1194336;8;E;
732;1194373;8;E;
732;1194388;8;E;
732;1194443;8;F;
732;1194457;8;F;
732;1194504;8;D;
732;1194566;8;D;
732;1194573;8;D;
732;1194606;8;D;
732;1194642;8;D;
732;1194665;8;D;
732;1194692;8;C;
732;1194693;8;C;
732;1194694;8;C;
732;1194695;8;C;
732;1194758;8;C;
732;1194779;8;C;
732;1194959;12;K;
732;1194965;12;K;
732;1194982;12;K;
732;1194983;12;K;
732;1194984;12;J;
732;1194990;12;J;
732;1195011;6;C;
732;1195018;6;C;
732;1195024;6;B;
732;1195027;5;D;
732;1195028;6;B;
732;1195045;6;B;
732;1195051;5;D;
732;1195053;6;B;
732;1195055;6;B;
732;1195057;6;A;
732;1195100;5;D;
732;1195867;63;E;
732;1195987;63;E;
732;1196380;65;A;
732;1196416;65;A;
732;1196469;65;A;
732;1196478;63;B;
732;1196518;65;D;
732;1196526;5;F;
732;1196546;5;F;
732;1196548;5;F;
732;1196604;5;F;
732;1196621;5;F;
732;1196624;5;F;
732;1196632;5;E;
732;1196640;5;E;
732;1196645;5;E;
732;1196659;5;E;
732;1196695;5;E;
732;1196717;5;D;
732;1196776;5;D;
732;1196800;65;C;
732;1196847;65;B;
732;1196868;65;A;
732;1196880;65;C;
732;1196906;65;C;
732;1196934;65;C;
732;1196935;65;E;
732;1196937;65;C;
732;1196962;65;A;
732;1197032;65;C;
732;1197042;65;C;
732;1197099;65;B;
732;1197122;65;B;
732;1197126;65;A;
732;1197150;65;B;
732;1197209;65;F;
732;1197221;65;F;
732;1197233;65;F;
732;1197237;65;E;
732;1197248;65;F;
732;1197265;65;D;
732;1197275;65;E;
732;1197304;65;D;
732;1197316;65;F;
732;1197320;65;D;
732;1197324;65;D;
732;1197328;65;D;
732;1197378;8;B;
732;1197382;8;B;
732;1197383;8;B;
732;1197532;80;S;
732;1197562;80;S;
732;1197713;5;C;
732;1198095;12;I;
732;1198112;12;I;
732;1198235;12;J;
732;1198240;12;J;
732;1198243;12;J;
732;1198249;12;J;
732;1198251;12;I;
732;1198252;12;I;
732;1198274;63;F;
732;1198281;63;F;
732;1198319;63;F;
732;1198393;63;A;
732;1198395;63;A;
732;1198415;63;A;
732;1198450;12;I;
732;1198504;12;I;
732;1198509;12;H;
732;1198510;12;I;
732;1198765;6;A;
732;1198769;6;A;
732;1198771;6;A;
732;1198772;6;A;
732;1198775;6;A;
732;1198776;6;A;
732;1198838;10;K;
732;1198842;10;K;
732;1198852;10;J;
732;1198861;10;J;
732;1198862;10;J;
732;1198875;10;J;
732;1198883;10;J;
732;1198893;10;J;
732;1198902;10;J;
732;1198951;10;I;
732;1198959;10;I;
732;1198963;10;I;
732;1198979;10;I;
732;1198988;10;I;
732;1198992;10;H;
732;1198993;10;H;
732;1199000;10;H;
732;1199006;10;H;
732;1199012;10;H;
732;1199014;10;G;
732;1199028;10;F;
732;1199050;10;G;
732;1199056;10;G;
732;1199086;10;F;
732;1199119;10;F;
732;1199126;10;F;
732;1199182;10;E;
732;1199189;10;E;
732;1199198;10;E;
732;1199215;10;E;
732;1199216;10;E;
732;1199229;10;D;
732;1199232;10;D;
732;1199243;10;D;
732;1199256;10;D;
732;1199265;10;D;
732;1199270;10;C;
732;1199279;10;C;
732;1199297;10;C;
732;1199323;10;C;
732;1199332;10;B;
732;1199344;10;B;
732;1199358;9;L;
732;1199372;9;K;
732;1199373;9;K;
732;1199381;9;K;
732;1199385;9;K;
732;1199391;9;K;
732;1199398;9;K;
732;1199404;9;K;
732;1199408;9;J;
732;1199416;9;J;
732;1199418;9;J;
732;1199419;9;J;
732;1199433;9;J;
732;1199435;9;I;
732;1199448;9;I;
732;1199454;9;I;
732;1199459;9;I;
732;1199469;9;I;
732;1199485;9;I;
732;1199512;9;H;
732;1199514;9;H;
732;1199527;9;H;
732;1199555;9;H;
732;1199562;9;H;
732;1199567;9;H;
732;1199573;9;G;
732;1199584;9;G;
732;1199590;9;G;
732;1199592;9;G;
732;1199600;9;G;
732;1199611;9;G;
732;1199629;9;F;
732;1199632;9;F;
732;1199633;9;F;
732;1199666;9;F;
732;1199672;9;E;
732;1199680;9;E;
732;1199692;9;E;
732;1199694;9;E;
732;1199700;9;E;
732;1199715;9;D;
732;1199719;9;D;
732;1199728;9;D;
732;1199729;9;D;
732;1199747;9;D;
732;1199754;9;C;
732;1199766;9;C;
732;1199831;64;D;
732;1199833;64;C;
732;1199859;64;F;
732;1199869;64;F;
732;1199899;64;C;
732;1199906;64;D;
732;1199914;64;A;
732;1199927;64;F;
732;1199929;64;E;
732;1199945;64;F;
732;1199950;64;E;
732;1199953;64;E;
732;1199955;64;B;
732;1199977;64;C;
732;1199997;64;E;
732;1200018;64;F;
732;1200056;64;C;
732;1200057;64;A;
732;1200058;64;C;
732;1200064;64;A;
732;1200080;64;A;
732;1200093;64;A;
732;1200094;64;B;
732;1200096;64;B;
732;1200111;65;C;
732;1200159;64;B;
732;1200172;64;A;
732;1200238;8;A;
732;1200239;8;A;
732;1200242;8;A;
732;1200252;8;A;
732;1200284;8;A;
732;1200296;7;F;
732;1200306;8;A;
732;1200308;7;F;
732;1200318;34;E;
732;1200321;7;F;
732;1200330;7;F;
732;1200332;7;F;
732;1200357;7;F;
732;1200385;7;E;
732;1200397;7;E;
732;1200404;7;E;
732;1200421;7;E;
732;1200477;7;E;
732;1200481;64;F;
732;1200511;64;D;
732;1200545;64;D;
732;1200546;64;D;
732;1200567;63;D;
732;1200573;63;C;
732;1200575;63;D;
732;1200645;63;D;
732;1200655;63;C;
732;1200679;63;D;
732;1200718;10;I1;2
732;1200721;63;C;
732;1200735;63;C;
732;1200753;63;F;
732;1200761;1;A3;3
732;1200813;63;A;
732;1200848;63;B;
732;1200863;63;A;
732;1200880;63;E;
732;1201025;80;S;
732;1201061;80;S;
732;1201112;68;B;
732;1201143;9;0;1
732;1201151;80;S;
732;1201157;80;S;
732;1201191;80;S;
732;1201217;80;S;
732;1201230;66;B;
732;1201238;5;A;
732;1201244;5;A;
732;1201277;5;A;
732;1201290;5;A;
732;1201291;5;A;
732;1201298;5;A;
732;1201299;5;A;
732;1201336;33;B;
732;1201340;32;D;
732;1201342;32;F;
732;1201343;32;E;
732;1201355;33;D;
732;1201362;33;B;
732;1201369;33;E;
732;1201370;32;D;
732;1201373;32;D;
732;1201374;33;A;
732;1201379;32;D;
732;1201383;32;D;
732;1201397;32;D;
732;1201404;33;F;
732;1201412;32;F;
732;1201413;33;C;
732;1201431;33;E;
732;1201433;33;D;
732;1201481;12;G;
732;1201483;12;G;
732;1201486;12;G;
732;1201497;12;F;
732;1201499;12;G;
732;1201504;12;G;
732;1201532;12;G;
732;1201567;12;H;
732;1201570;12;H;
732;1201577;12;H;
732;1201579;12;H;
732;1201583;12;H;
732;1201594;12;H;
732;1201595;12;G;
732;1201679;11;G;
732;1201687;11;G;
732;1201693;11;G;
732;1201719;11;G;
732;1201772;11;G;
732;1201775;11;F;
732;1201792;11;F;
732;1201795;11;F;
732;1201903;11;E;
732;1201909;11;F;
732;1201910;11;F;
732;1201912;11;F;
732;1201914;11;E;
732;1201998;12;G;
732;1202096;12;F;
732;1202128;12;E;
732;1202153;12;E;
732;1202192;12;F;
732;1202327;12;F;
732;1202338;12;F;
732;1202394;12;E;
732;1202395;12;D;
732;1202464;12;E;
732;1202519;12;E;
732;1203098;12;D;
732;1203122;12;D;
732;1203123;12;D;
732;1203151;12;D;
732;1203159;12;C;
732;1203160;12;C;
732;1203177;12;C;
732;1203206;12;D;
732;1203208;12;D;
732;1203209;12;D;
732;1203537;12;C;
732;1203619;12;B;
732;1203628;12;C;
732;1203636;12;C;
732;1203638;12;A;
732;1203750;12;B;
732;1203856;12;B;
732;1203857;12;B;
732;1203869;12;B;
732;1203870;12;A;
732;1203876;63;D;
732;1203882;63;D;
732;1203898;63;C;
732;1203901;63;C;
732;1203903;63;C;
732;1203908;63;D;
732;1203967;74;G;
732;1203975;74;G;
732;1203996;74;G;
732;1204040;63;B;
732;1204282;80;S;
732;1204283;80;S;
732;1204284;80;S;
732;1204285;80;S;
732;1204286;80;S;
732;1204324;80;S;
732;1204373;80;S;
732;1204380;80;S;
732;1204405;80;S;
732;1204406;80;S;
732;1204407;80;S;
732;1204408;80;S;
732;1204410;80;S;
732;1204413;80;S;
732;1204414;80;S;
732;1204415;80;S;
732;1204441;80;S;
732;1204444;80;S;
732;1204656;69;C;
732;1204659;68;C;
732;1204690;17;A;2
732;1204707;70;E;
732;1204908;17;A;2
732;1205063;80;S;
732;1205064;80;S;
732;1205065;80;S;
732;1205066;80;S;
732;1205082;80;S;
732;1205084;71;F;
732;1205085;71;F;
732;1205086;71;F;
732;1205090;14;C;4
732;1205165;71;A;
732;1205166;71;A;
732;1205167;80;S;
732;1205168;71;A;
732;1205171;80;S;
732;1205172;80;S;
732;1205173;80;S;
732;1207222;52;F;
732;1209444;28;D;
732;1209863;36;B;
732;1210468;11;G;
732;1210469;12;G;
732;1214948;80;S;
732;1214949;80;S;
732;1214953;80;S;
732;1217344;6;0;2
732;1232484;72;G;
732;1233407;37;F;
732;1236803;28;C;
732;1238949;80;S;
732;1239665;75;G;
732;1241812;80;S;
732;1241816;80;S;
732;1241817;80;S;
732;1241818;80;S;
732;1241819;80;S;
732;1241820;80;S;
732;1241822;66;C;
732;1241825;80;S;
732;1241995;67;A;
732;1242091;70;A;
732;1242156;74;A;
732;1242165;68;E;
732;1242166;68;E;
732;1242187;68;E;
732;1242191;75;F;
732;1242215;80;S;
732;1242220;23;E;
732;1242226;23;A;
732;1242229;14;E;
732;1242233;14;D;
732;1242236;14;C;
732;1242237;14;C;
732;1242239;15;F;
732;1242243;17;F;
732;1242245;23;A;
732;1242246;23;A;
732;1242247;23;A;
732;1242248;23;A;
732;1242253;18;B;
732;1242254;18;A;
732;1242255;18;B;
732;1242256;18;A;
732;1242259;23;A;
732;1242260;23;A;
732;1242261;23;A;
732;1242263;80;S;
732;1242265;20;E;
732;1242266;23;B;
732;1242267;23;B;
732;1242269;20;A;
732;1242271;20;A;
732;1242272;22;F;
732;1242273;22;F;
732;1242276;22;C;
732;1242277;22;B;
732;1242278;23;F;
732;1242282;75;G;
732;1242283;69;E;
732;1242284;75;G;
732;1242292;75;G;
732;1242293;75;G;
732;1242309;75;G;
732;1242310;75;G;
732;1242312;26;F;
732;1242327;75;G;
732;1242328;75;G;
732;1242344;75;F;
732;1242418;67;E;
732;1242570;70;B;
732;1242586;27;D;
732;1242588;27;C;
732;1242590;27;C;
732;1242591;27;C;
732;1242593;27;C;
732;1242594;27;C;
732;1242596;27;C;
732;1242597;27;C;
732;1242598;27;C;
732;1242599;27;C;
732;1242604;27;C;
732;1242605;26;B;
732;1242606;26;B;
732;1242824;67;E;
732;1242835;67;D;
732;1242863;59;F;
732;1242925;26;F;
732;1242948;30;C;
732;1242949;30;C;
732;1242951;34;C;
732;1242952;34;B;
732;1242953;34;B;
732;1242954;34;B;
732;1242956;34;A;
732;1242958;34;A;
732;1242959;35;F;
732;1242964;35;E;
732;1242965;35;D;
732;1242966;37;D;
732;1243011;75;D;
732;1243012;75;D;
732;1243013;67;E;
732;1243016;67;C;
732;1243017;67;C;
732;1243018;67;D;
732;1243020;67;C;
732;1243022;75;G;
732;1243023;75;G;
732;1243025;75;G;
732;1243027;75;G;
732;1243030;80;S;
732;1243033;75;G;
732;1243034;75;G;
732;1243035;75;G;
732;1243037;75;G;
732;1243038;75;G;
732;1243039;75;G;
732;1243074;80;S;
732;1243075;44;D;
732;1243078;51;B;
732;1243081;51;B;
732;1243085;51;B;
732;1243094;51;B;
732;1243098;51;B;
732;1243099;51;B;
732;1243101;51;B;
732;1243102;51;B;
732;1243163;59;F;
732;1243292;73;G;
732;1243295;66;E;
732;1243296;66;E;
732;1243409;70;D;
732;1244700;13;I;
732;1244747;13;E;
732;1244749;13;E;
732;1244754;13;E;
732;1244827;11;K;
732;1244944;8;E;
732;1244947;8;E;
732;1244953;8;F;
732;1244958;8;F;
732;1244971;8;B;
732;1244981;6;C;
732;1245069;6;1;F
732;1245082;12;I;
732;1245095;9;J;
732;1245104;9;F;
732;1245145;80;S;
732;1245183;80;S;
732;1245199;12;H;
732;1265784;2;L1;3
732;1266088;80;S;
732;1266089;73;D;
732;1266091;70;B;
732;1266093;70;A;
732;1271826;80;S;
732;1285324;28;E;
732;1285325;28;E;
732;1326873;24;E;
732;1326874;24;E;
732;1326888;75;G;
732;1326889;75;G;
732;1326890;27;D;
732;1326891;67;D;
732;1326892;75;G;
732;1326893;75;G;
732;1326895;74;E;
732;1326896;71;A;
732;1326899;75;G;
732;1326900;75;G;
732;1326901;75;G;
732;1326902;75;G;
732;1327823;7;C;
732;1327911;12;I;
732;1334064;80;S;
732;1367104;28;C;
732;1374265;73;A;
732;1381799;15;F;
732;1381830;71;D;
732;1381892;68;F;
732;1381894;80;S;
732;1381896;69;D;
732;1381909;75;B;
732;1381920;74;B;
732;1381932;66;C;
732;1382278;10;E;
732;1382279;10;D;
732;1382306;74;G;
732;1386885;80;S;
732;1386886;67;G;
732;1388148;28;A;
732;1396605;80;S;
732;1396625;80;S;
732;1396645;80;S;
732;1396665;80;S;
732;1403667;66;F;
732;1403668;57;A;
732;1403669;57;A;
732;1403670;57;A;
732;1403671;57;A;
732;1403673;57;A;
732;1403674;57;A;
732;1403675;57;A;
732;1403677;57;B;
732;1403679;57;A;
732;1403683;29;D;
732;1403684;76;A;
732;1403705;76;A;
732;1403706;57;B;
732;1403708;57;B;
732;1403710;52;C;
732;1403711;52;D;
732;1403712;52;C;
732;1403713;52;B;
732;1403715;52;B;
732;1403721;52;A;
732;1403722;52;B;
732;1403724;52;A;
732;1403727;53;F;
732;1403728;53;E;
732;1403729;53;A;
732;1403731;53;C;
732;1403732;53;B;
732;1403733;54;F;
732;1403734;54;E;
732;1403735;57;A;
732;1403737;54;C;
732;1403738;55;E;
732;1403740;57;A;
732;1403747;54;D;
732;1403748;54;E;
732;1403750;54;C;
732;1403751;54;D;
732;1403754;80;S;
732;1403755;80;S;
732;1403756;54;C;
732;1403758;57;A;
732;1403759;57;A;
732;1403760;57;A;
732;1403761;57;A;
732;1403762;54;A;
732;1403763;54;C;
732;1403764;54;B;
732;1403765;54;B;
732;1403766;55;E;
732;1403768;55;F;
732;1403769;55;F;
732;1403770;55;B;
732;1403771;55;B;
732;1403772;55;C;
732;1403773;55;C;
732;1403774;55;C;
732;1403775;55;C;
732;1403776;55;B;
732;1403777;55;A;
732;1403778;55;A;
732;1403780;56;F;
732;1403784;56;F;
732;1403785;56;E;
732;1403786;56;E;
732;1403787;56;E;
732;1403788;56;D;
732;1403789;56;D;
732;1403790;13;L;
732;1403791;56;D;
732;1403796;56;B;
732;1403797;56;B;
732;1403798;56;B;
732;1403799;76;A;
732;1403801;56;A;
732;1403802;56;A;
732;1403803;56;A;
732;1403804;57;F;
732;1403805;57;E;
732;1403806;57;E;
732;1403811;57;D;
732;1403812;57;C;
732;1403813;57;C;
732;1403816;57;C;
732;1403817;57;B;
732;1403823;72;C;
732;1403923;67;E;
732;1403925;68;D;
732;1403929;69;E;
732;1403930;67;E;
732;1403934;56;F;
732;1403935;72;E;
732;1403936;67;E;
732;1403942;26;B;
732;1403971;75;G;
732;1403973;75;G;
732;1403985;72;F;
732;1403986;72;D;
732;1403987;72;F;
732;1403988;67;B;
732;1403989;67;B;
732;1403991;67;B;
732;1403995;67;B;
732;1403997;67;B;
732;1404000;67;C;
732;1404001;70;C;
732;1404003;67;C;
732;1404004;66;A;
732;1404007;72;F;
732;1404009;67;C;
732;1404010;67;E;
732;1404031;36;A;
732;1404036;36;A;
732;1404044;66;D;
732;1404055;71;D;
732;1404056;67;B;
732;1404057;72;E;
732;1404063;66;A;
732;1404240;13;H;
732;1404245;13;E;
732;1404246;13;D;
732;1404270;8;D;
732;1404271;8;E;
732;1404285;80;S;
732;1405205;10;G;
732;1419885;80;S;
732;1438206;34;G;
732;1440247;80;S;
732;1448326;80;S;
732;1457546;56;F;
732;1462666;12;K;
732;1462967;67;G;
732;1462970;67;F;
732;1468970;80;S;
732;1471906;80;S;
732;1471907;80;S;
732;1496508;9;B;
732;1497428;34;B;
732;1497728;11;I;
732;1499932;5;E;
732;1499933;5;D;
732;1505423;12;L;
732;1518708;23;B;
732;1522948;64;B;
732;1530388;80;S;
732;1553569;80;S;
732;1556178;80;S;
732;1556179;80;S;
732;1556180;80;S;
732;1556184;80;S;
732;1559150;80;S;
732;1559153;31;A;
732;1559154;31;A;
732;1559208;32;B;
732;1563529;28;B;
732;1563532;80;S;
732;1572528;80;S;
732;1572548;80;S;
732;1574448;14;G;
732;1574450;23;G;
732;1576449;80;S;
732;1582009;13;E;
732;1586327;28;E;
732;1588308;80;S;
732;1592008;80;S;
732;1592069;80;S;
732;1592070;80;S;
732;1594030;55;C;
732;1598098;80;S;
732;1598099;80;S;
732;1602289;52;C;
732;1602368;55;D;
732;1602370;56;F;
732;1604030;80;S;
732;1604031;80;S;
732;1604032;80;S;
732;1604033;80;S;
732;1604068;80;S;
732;1604069;80;S;
732;1604408;80;S;
732;1604468;80;S;
732;1604828;80;S;
732;1605091;9;L;
732;1605168;34;B;
732;1605188;67;C;
732;1605548;64;D;
732;1605968;80;S;
732;1605969;28;E;
732;1605970;80;S;
732;1605971;80;S;
732;1605972;80;S;
732;1605973;80;S;
732;1605975;80;S;
732;1605976;80;S;
732;1606029;80;S;
732;1606043;80;S;
732;1606047;80;S;
732;1606049;80;S;
732;1606050;80;S;
732;1606051;80;S;
732;1606053;80;S;
732;1606058;80;S;
732;1606062;80;S;
732;1606066;80;S;
732;1606069;80;S;
732;1606408;80;S;
732;1606528;80;S;
732;1606548;80;S;
732;1606568;80;S;
732;1606569;80;S;
732;1606588;80;S;
732;1606608;80;S;
732;1606609;80;S;
732;1606648;80;S;
732;1606668;80;S;
732;1606669;80;S;
732;1606688;80;S;
732;1606689;80;S;
732;1607588;80;S;
732;1607608;80;S;
732;1607628;80;S;
732;1607668;80;S;
732;1607688;80;S;
732;1607689;80;S;
732;1607728;80;S;
732;1607729;80;S;
732;1607768;80;S;
732;1607808;80;S;
732;1607929;80;S;
732;1608218;80;S;
732;1608228;80;S;
732;1608229;80;S;
732;1608232;80;S;
732;1608233;80;S;
732;1608234;80;S;
732;1608236;80;S;
732;1608238;80;S;
732;1608239;80;S;
732;1608248;66;G;
732;1608255;29;G;
732;1611248;67;C;
732;1617388;80;S;
732;1617389;80;S;
732;1617390;80;S;
732;1617391;80;S;
732;1617392;80;S;
732;1617728;80;S;
732;1617748;80;S;
732;1617769;80;S;
732;1619448;80;S;
732;1619468;80;S;
732;1619469;80;S;
732;1619488;80;S;
732;1619510;31;C;
732;1622468;73;G;
732;1622888;80;S;
732;1622908;80;S;
732;1622928;80;S;
732;1622929;80;S;
732;1622949;80;S;
732;1622968;80;S;
732;1622969;80;S;
732;1623008;80;S;
732;1623028;80;S;
732;1623029;80;S;
732;1623030;80;S;
732;1623031;80;S;
732;1623032;80;S;
732;1623048;80;S;
732;1623068;80;S;
732;1623069;80;S;
732;1623070;80;S;
732;1623071;80;S;
732;1623088;66;G;
732;1623089;66;G;
732;1623331;66;C;
732;1623388;56;D;
732;1625473;80;S;
732;1625475;80;S;
732;1625476;80;S;
732;1625477;80;S;
732;1625478;80;S;
732;1625479;66;E;
732;1629088;80;S;
732;1632248;70;F;
732;1632708;80;S;
732;1638588;80;S;
732;1638589;80;S;
732;1638590;80;S;
732;1638591;80;S;
732;1638592;80;S;
732;1638593;80;S;
732;1638594;80;S;
732;1638595;80;S;
732;1638596;28;E;
732;1638597;28;E;
732;1639368;80;S;
732;1639369;80;S;
732;1639371;80;S;
732;1639372;80;S;
732;1639373;80;S;
732;1639374;80;S;
732;1639528;80;S;
732;1642848;80;S;
732;1643050;34;B;
732;1643052;34;A;
732;1643229;80;S;
732;1643231;80;S;
732;1643232;80;S;
732;1643233;80;S;
732;1643234;80;S;
732;1643235;80;S;
732;1643236;80;S;
732;1643237;80;S;
732;1643238;80;S;
732;1643250;80;S;
732;1643251;80;S;
732;1643252;80;S;
732;1643253;80;S;
732;1643254;80;S;
732;1643255;80;S;
732;1643268;80;S;
732;1643288;80;S;
732;1643308;80;S;
732;1643328;80;S;
732;1643349;80;S;
732;1643368;80;S;
732;1644088;80;S;
732;1646290;29;C;
732;1646328;29;D;
732;1646329;28;D;
732;1651568;67;E;
732;1651591;29;G;
732;1651669;29;G;
732;1651670;29;G;
732;1651671;29;G;
732;1651672;29;G;
732;1651673;29;G;
732;1651675;29;G;
732;1651676;29;G;
732;1651677;29;G;
732;1651678;29;G;
732;1654456;13;D;3
732;1654513;74;G;
732;1654516;74;G;
732;1654524;69;F;
732;1654527;61;F;
732;1654619;27;C;
732;1654622;27;C;
732;1654623;27;A;
732;1654695;69;F;
732;1654834;72;G;
732;1659289;80;S;
732;1659290;80;S;
732;1659389;80;S;
732;1659390;80;S;
732;1660108;80;S;
732;1661287;56;E;
732;1661717;27;D;
732;1661720;24;D;
732;1661721;24;C;
732;1661722;27;A;
732;1661723;24;B;
732;1661724;27;A;
732;1661731;27;B;
732;1662337;70;B;
732;1670328;80;S;
732;1670329;80;S;
732;1673748;66;F;
732;1673750;66;F;
732;1673751;66;F;
732;1673752;66;F;
732;1673753;80;S;
732;1684068;80;S;
732;1684069;80;S;
732;1684070;80;S;
732;1684071;80;S;
732;1684072;80;S;
732;1684073;80;S;
732;1684074;80;S;
732;1684075;80;S;
732;1684076;80;S;
732;1684077;80;S;
732;1684078;80;S;
732;1684079;80;S;
732;1684080;67;G;
732;1684081;67;F;
732;1684808;13;L;
732;1684828;80;S;
732;1684829;80;S;
732;1684830;80;S;
732;1684831;80;S;
732;1686148;80;S;
732;1686149;80;S;
732;1686150;80;S;
732;1686152;80;S;
732;1686153;80;S;
732;1689188;80;S;
732;1689208;80;S;
732;1689209;80;S;
732;1696588;80;S;
732;1696591;80;S;
732;1696869;63;D;
732;1704108;30;G;
732;1704109;67;F;
732;1704110;67;F;
732;1704708;80;S;
732;1704728;80;S;
732;1704768;80;S;
732;1711408;80;S;
732;1719947;59;G;
732;1720040;17;E;
732;1720043;17;G;
732;1720044;18;D;
732;1720056;80;S;
732;1720211;80;S;
732;1721385;10;C;
732;1730448;80;S;
732;1736290;73;G;
732;1772122;28;E;
732;1778250;80;S;
732;1778251;80;S;
732;1778252;80;S;
732;1784008;80;S;
732;1791648;28;D;
732;1791929;34;A;
732;1791988;28;B;
732;1791989;28;D;
732;1801294;14;G;
732;1804800;21;F;
732;1804801;18;F;
732;1804802;21;F;
732;1804803;21;F;
732;1804854;18;F;
732;1804855;18;F;
732;1804856;39;D;
732;1804857;18;F;
732;1804858;48;F;
732;1804859;39;D;
732;1804860;39;D;
732;1804861;48;F;
732;1804862;39;D;
732;1804863;18;F;
732;1804864;18;F;
732;1804865;21;F;
732;1804866;20;F;
732;1804869;20;F;
732;1804870;21;F;
732;1804871;21;F;
732;1810151;27;G;
732;1827873;29;D;
732;1827875;29;D;
732;1827877;29;D;
732;1827878;29;D;
732;1827879;29;D;
732;524979;66;C;
735;1135673;1;A;3
735;1135677;7;2;B
735;1135679;2;F5;1
735;1135680;2;F3;1
735;1135682;2;E2;1
735;1135683;2;1;E6
735;1135684;9;C;1
735;1135687;3;D;1
735;1135689;1;H5;1
735;1135690;1;B3;2
735;1135692;2;2;A2
735;1135698;3;2;E
735;1135699;3;2;E
735;1135700;3;2;B
735;1135701;3;1;C1
735;1135703;1;H6;1
735;1135704;3;3;D1
735;1135705;1;H1;2
735;1135707;4;1;C2
735;1135709;4;1;A1
735;1135713;3;2;D
735;1135714;4;D;4
735;1135718;5;2;C
735;1135721;1;C4;1
735;1135723;3;4;E
735;1135723;5;B;2
735;1135724;1;H5;3
735;1135726;3;B;1
735;1135726;4;1;C1
735;1135733;7;4;A
735;1135734;2;4;B2
735;1135735;8;B;1
735;1135737;1;1;E4
735;1135740;8;A;2
735;1135741;1;H4;1
735;1135744;2;D2;1
735;1135749;8;B;1
735;1135751;8;C;3
735;1135754;5;C;3
735;1135755;8;A;2
735;1135756;1;C;5
735;1135760;2;4;D
735;1135761;1;A2;2
735;1135762;2;4;D1
735;1135763;1;1;C6
735;1135764;1;G3;1
735;1135765;8;A;3
735;1135766;1;J6;2
735;1135768;2;2;B2
735;1135772;1;C5;1
735;1135785;7;B;2
735;1135789;2;3;A1
735;1135804;1;A1;1
735;1135865;3;4;C1
735;1135885;7;3;B
735;1136024;2;4;C2
735;1136084;1;A1;3
735;1136104;7;A;1
735;1136124;2;1;G3
735;1136164;2;1;F1
735;1136204;1;E1;1
735;1136225;1;A3;2
735;1136267;1;C2;2
735;1136345;1;D4;2
735;1136371;7;1;E2
735;1136386;2;1;A3
735;1136387;5;B;1
735;1136391;1;F6;3
735;1136392;4;A;2
735;1136395;1;B2;2
735;1136396;1;D6;2
735;1136399;10;B;
735;1136401;8;A;1
735;1136403;6;2;E
735;1136404;6;2;E
735;1136405;3;1;E
735;1136412;1;D1;1
735;1136413;3;1;A
735;1136415;4;4;B2
735;1136416;0;0;0
735;1136418;4;B;4
735;1136423;3;4;B2
735;1136424;4;C;3
735;1136438;1;C3;1
735;1136442;1;B5;2
735;1136448;2;A;4
735;1136449;2;4;A
735;1136452;3;4;D1
735;1136457;8;1;D
735;1136486;7;D;2
735;1136488;5;2;C
735;1136490;1;F4;2
735;1136491;1;J4;2
735;1136500;1;H4;2
735;1136501;1;2;D6
735;1136502;2;B3;1
735;1136511;1;B4;1
735;1136514;1;I6;1
735;1136515;1;G4;1
735;1136517;1;J2;2
735;1136519;1;I3;3
735;1136521;1;B3;1
735;1136522;7;2;E
735;1136523;4;3;C
735;1136528;3;2;A
735;1136529;1;J1;1
735;1136531;3;2;C
735;1136548;1;H6;2
735;1136550;1;A5;2
735;1136554;2;3;A3
735;1136556;1;I2;1
735;1136557;1;E3;2
735;1136558;7;1;C
735;1136560;1;J3;3
735;1136567;4;E;2
735;1136569;3;3;A
735;1136570;3;3;B
735;1136575;1;I5;3
735;1136576;1;G2;1
735;1136577;1;F5;1
735;1136578;4;2;A1
735;1136582;5;2;C
735;1136583;1;G2;3
735;1136585;2;1;E5
735;1136587;2;B5;1
735;1136590;5;B;4
735;1136605;1;C4;2
735;1136608;2;1;J2
735;1136609;1;3;C6
735;1136612;3;4;C2
735;1136613;6;1;C
735;1136618;1;A5;3
735;1136620;1;D2;1
735;1137104;11;A;1
735;1137109;11;B;1
735;1137127;2;D4;1
735;1137244;0;0;0
735;1137264;0;0;0
735;1141505;9;A;1
735;1142066;2;3;A2
735;1144553;1;E2;3
735;1144589;7;0;1
735;1145107;4;1;D2
735;1145418;1;I5;1
735;1145850;4;3;A
735;1146287;6;1;C
735;1146312;6;2;C
735;1146329;2;1;J3
735;1146332;1;3;C2
735;1146345;7;3;A
735;1146347;6;1;C
735;1146348;6;1;C
735;1146383;6;3;A
735;1146406;4;C;4
735;1146409;8;2;B1
735;1146411;1;J2;2
735;1146423;8;3;B1
735;1146435;8;B;3
735;1146436;8;3;D
735;1146439;8;3;D
735;1146440;8;2;E
735;1146445;7;E;1
735;1146456;4;3;C
735;1146470;2;G1;1
735;1146481;4;D;4
735;1146483;4;3;A1
735;1146500;1;J6;1
735;1146507;4;2;D
735;1146520;2;1;I3
735;1146544;4;2;D
735;1146545;1;C5;2
735;1146546;1;I4;1
735;1146557;1;3;C
735;1146559;7;1;B
735;1146588;1;2;C1
735;1147224;1;J2;3
735;1147440;1;C3;3
735;1147755;1;2;A3
735;1147810;2;F2;1
735;1147938;2;1;C2
735;1147965;1;E5;2
735;1148071;1;D6;3
735;1148150;3;1;D
735;1148157;1;C6;1
735;1148769;1;B3;3
735;1148814;8;1;C2
735;1148827;2;1;H2
735;1149011;2;1;G4
735;1149017;7;E;4
735;1149425;1;E4;2
735;1149975;4;2;A
735;1149991;1;J1;2
735;1150129;2;4;C2
735;1150452;4;3;C
735;1150493;1;F5;3
735;1150682;4;1;C3
735;1150784;2;1;A2
735;1150829;3;4;E
735;1151362;2;A1;1
735;1151519;2;H4;1
735;1151796;2;1;G6
735;1152199;1;E1;2
735;1152228;3;3;C
735;1154818;5;A;1
735;1155733;1;B4;2
735;1156080;1;I1;3
735;1156134;2;C5;1
735;1157007;1;B6;2
735;1157037;4;2;B
735;1157142;1;A;E2
735;1157965;1;A6;1
735;1158073;1;F3;2
735;1158152;2;3;B2
735;1158153;2;3;B3
735;1158299;2;1;C4
735;1158441;3;A;4
735;1158495;8;D;1
735;1159878;2;1;E1
735;1160040;2;C3;1
735;1163483;1;C5;3
735;1163554;2;B1;1
735;1164005;4;3;D
735;1164324;3;1;B
735;1165137;1;D3;3
735;1165158;1;B5;1
735;1165366;2;B6;1
735;1165769;4;3;C
735;1167674;4;1;B2
735;1167783;1;F6;3
735;1167805;1;I1;1
735;1167941;4;3;D
735;1167944;6;1;C
735;1167951;6;1;C
735;1168016;4;1;D1
735;1168054;2;C2;1
735;1168058;6;1;C
735;1168059;6;1;C
735;1168143;10;C;
735;1168147;10;C;
735;1168150;10;C;
735;1168157;4;2;C
735;1168159;2;1;F5
735;1168201;8;1;C1
735;1168304;6;3;B
735;1168354;2;B;3
735;1168355;2;1;E3
735;1168356;1;2;C
735;1168475;6;1;C
735;1168484;8;2;D
735;1168543;1;A6;3
735;1168544;1;G1;3
735;1168546;4;2;C
735;1168551;2;1;A4
735;1168557;3;1;D
735;1168568;2;D5;1
735;1168573;2;1;C6
735;1168575;2;1;A5
735;1168576;1;J2;1
735;1168579;2;1;A6
735;1168602;2;1;C4
735;1168604;1;J5;1
735;1168607;2;1;E4
735;1168613;3;2;B
735;1168630;4;2;D
735;1168642;4;3;D
735;1168646;4;3;D
735;1168653;5;2;E
735;1168704;1;A4;3
735;1168712;2;1;E5
735;1168749;2;1;I3
735;1168751;2;1;I2
735;1168786;3;4;B1
735;1168787;3;4;A2
735;1168808;1;2;E2
735;1169660;3;3;D
735;1169703;1;D5;1
735;1169733;2;3;C2
735;1169790;1;H4;3
735;1169840;1;I4;2
735;1169860;1;J5;3
735;1170309;1;3;D
735;1170524;1;3;I2
735;1170626;1;G5;2
735;1170709;2;I2;1
735;1170725;3;1;B1
735;1170725;4;B;1
735;1171186;3;C;1
735;1171766;2;1;I6
735;1172355;1;H5;2
735;1172357;1;D5;3
735;1172378;8;3;B
735;1172380;8;3;B
735;1172381;8;3;B
735;1172395;3;4;A1
735;1172398;2;1;D3
735;1172417;1;A4;2
735;1173815;4;1;C1
735;1174868;4;2;C
735;1189830;1;J4;3
735;1190264;2;E1;1
735;1190636;2;H5;1
735;1190792;1;F5;2
735;1191293;1;2;G2
735;1191351;1;I2;3
735;1191527;1;1;E4
735;1191650;4;2;C
735;1191728;4;3;C
735;1191948;1;G3;2
735;1192017;1;C2;1
735;1192164;1;I3;2
735;1192258;4;3;C
735;1192305;1;H1;3
735;1192361;1;I4;3
735;1192734;1;2;G3
735;1192948;1;J5;2
735;1193059;2;G2;1
735;1193145;2;E4;1
735;1193226;1;2;D6
735;1193227;1;2;D6
735;1193287;1;2;D6
735;1193342;2;1;B4
735;1193569;1;C6;3
735;1193926;2;1;E2
735;1193961;3;B;1
735;1193972;2;D1;1
735;1194031;2;1;I3
735;1194129;2;1;F6
735;1194130;2;1;F6
735;1194133;1;J6;3
735;1194373;2;C1;1
735;1194528;1;C3;2
735;1194693;2;1;F6
735;1194694;2;1;F6
735;1194780;1;G4;3
735;1195024;1;2;E2
735;1195045;2;1;H6
735;1196518;1;J1;3
735;1196526;4;3;C
735;1196935;1;E4;3
735;1196937;1;B6;3
735;1196962;1;E6;2
735;1197150;1;J3;2
735;1197209;1;I1;2
735;1197265;1;G6;3
735;1197275;1;B5;3
735;1197328;4;3;D
735;1197382;1;D2;2
735;1198249;1;H3;3
735;1198281;1;H2;3
735;1198765;1;3;I6
735;1198852;1;E1;3
735;1198988;1;D1;3
735;1199012;1;I5;2
735;1199014;1;I6;3
735;1199062;1;H3;2
735;1199086;1;J4;1
735;1199216;1;B1;3
735;1199265;1;G5;3
735;1199270;1;I2;2
735;1199323;1;F6;1
735;1199332;1;E3;3
735;1199404;2;1;D5
735;1199408;2;1;G2
735;1199410;2;1;D5
735;1199416;1;C1;1
735;1199448;2;B3;1
735;1199534;2;1;G6
735;1199576;1;A2;3
735;1199632;1;G6;2
735;1199700;2;1;F3
735;1199716;1;D1;3
735;1199728;4;2;C
735;1200093;1;3;I1
735;1200159;1;A4;1
735;1200573;2;1;A3
735;1200753;1;3;A2
735;1201342;2;2;B1
735;1201343;2;2;A1
735;1201355;2;2;C3
735;1201374;2;2;A3
735;1201404;2;2;C2
735;1201431;2;2;B3
735;1201433;2;D2;2
735;1201499;2;3;E
735;1201567;1;G1;2
735;1201687;4;3;C
735;1201693;1;F1;2
735;1201775;1;2;C4
735;1201912;4;2;D
735;1201998;1;D4;3
735;1202153;2;1;I1
735;1202176;1;G5;1
735;1202395;1;C4;3
735;1203586;1;D2;3
735;1203869;1;I5;3
735;1203901;1;B4;3
735;1203975;2;1;D6
735;1204040;4;3;B
735;1204282;3;B;4
735;1204283;3;B;4
735;1204284;5;3;A
735;1204285;5;3;A
735;1204324;3;C;4
735;1204441;7;1;C
735;1204444;7;1;C
735;1204707;5;1;B
735;1205063;7;1;D
735;1205065;7;1;D
735;1205066;7;1;D
735;1205172;3;C;4
735;1209444;4;1;E1
735;1209863;6;E;4
735;1210469;5;C;4
735;1214949;4;A;4
735;1236803;4;E;1
735;1239064;6;C;4
735;1242214;2;1;G5
735;1242246;6;3;A1
735;1242261;6;3;B1
735;1242270;7;1;C
735;1242271;3;E;2
735;1242422;2;1;G5
735;1242948;4;2;E
735;1242949;4;2;E
735;1242951;5;4;D
735;1243242;2;1;J3
735;1245069;0;0;0
735;1265784;1;H3;1
735;1266004;10;G;1
735;1266087;10;F;1
735;1266091;4;4;C1
735;1266093;6;E;3
735;1271826;4;0;1
735;1274408;9;B;1
735;1334064;4;0;2
735;1334064;5;0;2
735;1351284;4;0;4
735;1351285;4;0;2
735;1386885;0;0;0
735;1396605;6;1;B2
735;1396625;6;1;B1
735;1396645;0;0;0
735;1396645;6;1;B
735;1396665;0;0;0
735;1403713;3;1;E
735;1403715;1;3;B
735;1403731;10;D;
735;1403732;8;2;C
735;1403737;8;2;B
735;1403742;7;3;A
735;1403747;7;2;E
735;1403755;8;0;1
735;1403758;6;3;B
735;1403777;3;4;D1
735;1403780;5;2;E
735;1403784;6;1;D
735;1403785;1;2;I5
735;1403786;2;1;G4
735;1403788;1;1;I6
735;1403789;1;H4;2
735;1403791;1;I3;1
735;1403792;8;2;C
735;1403793;4;3;B
735;1403796;7;3;D
735;1403797;7;2;C
735;1403799;4;3;B1
735;1403802;4;3;C
735;1403803;1;2;C3
735;1403805;5;2;C
735;1403806;7;2;C
735;1403807;3;3;E
735;1403934;5;4;C
735;1403935;1;A6;2
735;1404035;8;3;D
735;1404044;4;2;D
735;1404245;4;3;D
735;1404285;0;0;0
735;1457546;5;1;E
735;1474206;5;4;A
735;1518708;6;1;C
735;1556179;4;E;4
735;1556181;4;3;E
735;1572528;8;3;SUP
735;1592008;4;A;4
735;1592070;4;C;3
735;1604030;2;2;SUP
735;1604068;2;3;SUP
735;1606408;2;1;SUP
735;1606528;2;1;SUP
735;1606569;2;1;SUP
735;1608248;3;4;E
735;1617748;4;E;4
735;1619448;4;C;3
735;1619468;4;C;3
735;1619488;4;C;3
735;1623388;2;3;D
735;1654596;8;1;E
735;1659389;5;1;D
735;1684829;4;E;4
735;1696592;4;E;4
735;1720040;8;2;D
735;1720043;8;3;D
735;1720044;8;3;D
735;1791989;4;1;E
735;524979;4;4;A2
738;1135709;18;F;
738;1136409;20;G;3
738;1136415;11;C;
738;1136452;2;B;
738;1136517;20;B;3
738;1136556;19;B;
738;1136571;22;G;
738;1136587;5;C;
738;1137104;13;I;
738;1142066;5;D;
738;1158411;1;B;
738;1166413;18;F;
738;1167944;4;D;
738;1168357;4;C;
738;1168552;20;B;7
738;1168576;20;B;5
738;1168580;20;B;6
738;1173893;12;E;
738;1191395;18;D;
738;1193201;18;D;
738;1196548;20;I;5
738;1196645;20;I;5
738;1197265;20;I;6
738;1199404;20;C;1
738;1199410;20;C;2
738;1201342;19;E;
738;1203856;18;D;
738;1203901;3;I;
738;1204413;16;D;
738;1204415;16;D;
738;1204444;9;F;
738;1205064;9;F;
738;1205065;9;F;
738;1243191;12;E;
738;1351284;1;A;
738;1351285;1;A;
738;1572528;22;I;
738;1574450;12;E;
738;1604031;5;E;
738;1604828;18;E;
738;1605970;11;F;
738;1605971;11;F;
738;1606569;10;E;
738;1606689;10;C;
738;1608248;9;A;
738;1608249;9;A;
738;1608250;9;A;
738;1608256;1;A;
738;1705970;9;B;
738;1791988;6;A;
738;1791989;6;A;
